4.0E-4	0.0
8.0E-4	0.0
0.0011999999	0.0
0.0016	0.0
0.0019999999	0.0
0.0023999999	0.0
0.0028	0.0
0.0032	0.0
0.0036	0.0
0.0039999997	0.0
0.0044	0.0
0.0047999998	0.0
0.0052	0.0
0.0056	0.0
0.006	0.0
0.0064	0.0
0.0067999996	0.0
0.0072	0.0
0.0075999997	0.0
0.007999999	0.0
0.0084	0.0
0.0088	0.0
0.0092	0.0
0.0095999995	0.0
0.01	0.0
0.0104	0.0
0.010799999	0.0
0.0112	0.0
0.0116	0.0
0.012	0.0
0.012399999	0.0
0.0128	0.0
0.0132	0.0
0.013599999	0.0
0.0139999995	0.0
0.0144	0.0
0.0148	0.0
0.015199999	0.0
0.0156	0.0
0.015999999	0.0
0.0164	0.0
0.0168	0.0
0.017199999	0.0
0.0176	0.0
0.018	0.0
0.0184	0.0
0.0188	0.0
0.019199999	0.0
0.0196	0.0
0.02	0.0
0.020399999	0.0
0.0208	0.0
0.0212	0.0
0.021599999	0.0
0.022	0.0
0.0224	0.0
0.022799999	0.0
0.0232	0.0
0.023599999	0.0
0.024	0.0
0.0244	0.0
0.024799999	0.0
0.0252	0.0
0.0256	0.0
0.025999999	0.0
0.0264	0.0
0.0268	0.0
0.027199998	0.0
0.0276	0.0
0.027999999	0.0
0.0284	0.0
0.0288	0.0
0.029199999	0.0
0.0296	0.0
0.03	0.0
0.030399999	0.0
0.0308	0.0
0.0312	0.0
0.0316	0.0
0.031999998	0.0
0.0324	0.0
0.0328	0.0
0.0332	0.0
0.0336	0.0
0.033999998	0.0
0.034399997	0.0
0.0348	0.0
0.0352	0.0
0.0356	0.0
0.036	0.0
0.036399998	0.0
0.0368	0.0
0.0372	0.0
0.0376	0.0
0.038	0.0
0.038399998	0.0
0.038799997	0.0
0.0392	0.0
0.0396	0.0
0.04	0.0
0.0404	0.0
0.040799998	0.0
0.0412	0.0
0.0416	0.0
0.042	0.0
0.0424	0.0
0.042799998	0.0
0.043199997	0.0
0.0436	0.0
0.044	0.0
0.0444	0.0
0.0448	0.0
0.045199998	0.0
0.045599997	0.0
0.046	0.0
0.0464	0.0
0.0468	0.0
0.047199998	0.0
0.047599997	0.0
0.048	0.0
0.0484	0.0
0.0488	0.0
0.0492	0.0
0.049599998	0.0
0.049999997	0.0
0.0504	0.0
0.0508	0.0
0.0512	0.0
0.051599998	0.0
0.051999997	0.0
0.0524	0.0
0.0528	0.0
0.0532	0.0
0.0536	0.0
0.053999998	0.0
0.054399997	0.0
0.0548	0.0
0.0552	0.0
0.0556	0.0
0.055999998	0.0
0.056399997	0.0
0.0568	0.0
0.0572	0.0
0.0576	0.0
0.058	0.0
0.058399998	0.0
0.058799997	0.0
0.0592	0.0
0.0596	0.0
0.06	0.0
0.060399998	0.0
0.060799997	0.0
0.061199997	0.0
0.0616	0.0
0.062	0.0
0.0624	0.0
0.0628	0.0
0.0632	0.0
0.063599996	0.0
0.063999996	0.0
0.064399995	0.0
0.0648	0.0
0.0652	0.0
0.0656	0.0
0.066	0.0
0.0664	0.0
0.0668	0.0
0.0672	0.0
0.0676	0.0
0.067999996	0.0
0.068399996	0.0
0.068799995	0.0
0.0692	0.0
0.0696	0.0
0.07	0.0
0.0704	0.0
0.0708	0.0
0.0712	0.0
0.0716	0.0
0.072	0.0
0.072399996	0.0
0.072799996	0.0
0.073199995	0.0
0.0736	0.0
0.074	0.0
0.0744	0.0
0.0748	0.0
0.0752	0.0
0.0756	0.0
0.076	0.0
0.0764	0.0
0.076799996	0.0
0.077199996	0.0
0.077599995	0.0
0.078	0.0
0.0784	0.0
0.0788	0.0
0.0792	0.0
0.0796	0.0
0.08	0.0
0.0804	0.0
0.0808	0.0
0.081199996	0.0
0.081599995	0.0
0.081999995	0.0
0.0824	0.0
0.0828	0.0
0.0832	0.0
0.0836	0.0
0.084	0.0
0.0844	0.0
0.0848	0.0
0.0852	0.0
0.085599996	0.0
0.085999995	0.0
0.086399995	0.0
0.086799994	0.0
0.0872	0.0
0.0876	0.0
0.088	0.0
0.0884	0.0
0.0888	0.0
0.0892	0.0
0.0896	0.0
0.089999996	0.0
0.090399995	0.0
0.090799995	0.0
0.091199994	0.0
0.0916	0.0
0.092	0.0
0.0924	0.0
0.0928	0.0
0.0932	0.0
0.0936	0.0
0.094	0.0
0.094399996	0.0
0.094799995	0.0
0.095199995	0.0
0.095599994	0.0
0.096	0.0
0.0964	0.0
0.0968	0.0
0.0972	0.0
0.0976	0.0
0.098	0.0
0.0984	0.0
0.098799996	0.0
0.099199995	0.0
0.099599995	0.0
0.099999994	0.0
0.1004	0.0
0.1008	0.0
0.1012	0.0
0.1016	0.0
0.102	0.0
0.1024	0.0
0.1028	0.0
0.103199996	0.0
0.103599995	0.0
0.103999995	0.0
0.104399994	0.0
0.1048	0.0
0.1052	0.0
0.1056	0.0
0.106	0.0
0.1064	0.0
0.1068	0.0
0.1072	0.0
0.107599996	0.0
0.107999995	0.0
0.108399995	0.0
0.108799994	0.0
0.1092	0.0
0.1096	0.0
0.11	0.0
0.1104	0.0
0.1108	0.0
0.1112	0.0
0.1116	0.0
0.111999996	0.0
0.112399995	0.0
0.112799995	0.0
0.113199994	0.0
0.1136	0.0
0.114	0.0
0.1144	0.0
0.1148	0.0
0.1152	0.0
0.1156	0.0
0.116	0.0
0.116399996	0.0
0.116799995	0.0
0.117199995	0.0
0.117599994	0.0
0.118	0.0
0.1184	0.0
0.1188	0.0
0.1192	0.0
0.1196	0.0
0.12	0.0
0.1204	0.0
0.120799996	0.0
0.121199995	0.0
0.121599995	0.0
0.121999994	0.0
0.12239999	0.0
0.1228	0.0
0.1232	0.0
0.1236	0.0
0.124	0.0
0.1244	0.0
0.1248	0.0
0.1252	0.0
0.1256	0.0
0.126	0.0
0.1264	0.0
0.1268	0.0
0.12719999	0.0
0.1276	0.0
0.12799999	0.0
0.1284	0.0
0.12879999	0.0
0.1292	0.0
0.1296	0.0
0.13	0.0
0.1304	0.0
0.1308	0.0
0.1312	0.0
0.13159999	0.0
0.132	0.0
0.13239999	0.0
0.1328	0.0
0.13319999	0.0
0.1336	0.0
0.134	0.0
0.1344	0.0
0.1348	0.0
0.1352	0.0
0.1356	0.0
0.13599999	0.0
0.1364	0.0
0.13679999	0.0
0.1372	0.0
0.13759999	0.0
0.138	0.0
0.1384	0.0
0.1388	0.0
0.1392	0.0
0.1396	0.0
0.14	0.0
0.14039999	0.0
0.1408	0.0
0.14119999	0.0
0.1416	0.0
0.14199999	0.0
0.1424	0.0
0.1428	0.0
0.1432	0.0
0.1436	0.0
0.144	0.0
0.1444	0.0
0.14479999	0.0
0.1452	0.0
0.14559999	0.0
0.146	0.0
0.14639999	0.0
0.1468	0.0
0.1472	0.0
0.1476	0.0
0.148	0.0
0.1484	0.0
0.1488	0.0
0.14919999	0.0
0.1496	0.0
0.14999999	0.0
0.1504	0.0
0.15079999	0.0
0.1512	0.0
0.1516	0.0
0.152	0.0
0.1524	0.0
0.1528	0.0
0.1532	0.0
0.15359999	0.0
0.154	0.0
0.15439999	0.0
0.1548	0.0
0.15519999	0.0
0.1556	0.0
0.156	0.0
0.1564	0.0
0.1568	0.0
0.1572	0.0
0.1576	0.0
0.15799999	0.0
0.1584	0.0
0.15879999	0.0
0.1592	0.0
0.15959999	0.0
0.16	0.0
0.1604	0.0
0.1608	0.0
0.1612	0.0
0.1616	0.0
0.162	0.0
0.16239999	0.0
0.1628	0.0
0.16319999	0.0
0.1636	0.0
0.16399999	0.0
0.1644	0.0
0.1648	0.0
0.1652	0.0
0.1656	0.0
0.166	0.0
0.1664	0.0
0.16679999	0.0
0.1672	0.0
0.16759999	0.0
0.168	0.0
0.16839999	0.0
0.1688	0.0
0.1692	0.0
0.1696	0.0
0.17	0.0
0.1704	0.0
0.1708	0.0
0.17119999	0.0
0.1716	0.0
0.17199999	0.0
0.1724	0.0
0.17279999	0.0
0.1732	0.0
0.17359999	0.0
0.174	0.0
0.1744	0.0
0.1748	0.0
0.1752	0.0
0.17559999	0.0
0.176	0.0
0.17639999	0.0
0.1768	0.0
0.17719999	0.0
0.1776	0.0
0.17799999	0.0
0.1784	0.0
0.1788	0.0
0.1792	0.0
0.1796	0.0
0.17999999	0.0
0.1804	0.0
0.18079999	0.0
0.1812	0.0
0.18159999	0.0
0.182	0.0
0.18239999	0.0
0.1828	0.0
0.1832	0.0
0.1836	0.0
0.184	0.0
0.18439999	0.0
0.1848	0.0
0.18519999	0.0
0.1856	0.0
0.18599999	0.0
0.1864	0.0
0.18679999	0.0
0.1872	0.0
0.1876	0.0
0.188	0.0
0.1884	0.0
0.18879999	0.0
0.1892	0.0
0.18959999	0.0
0.19	0.0
