[[5.0000,	2.1408,	1.8573,	1.7449,	1.6862,	0.0000],	
[5.0000,	2.1408,	1.8573,	1.7449,	1.6862,	0.0000],	
[5.0000,	2.1408,	1.8573,	1.7400,	1.6862,	0.0000],	
[5.0000,	2.1408,	1.8573,	1.7449,	1.6862,	0.0000],	
[5.0000,	2.1408,	1.8573,	1.7449,	1.6862,	0.0000],	
[5.0000,	2.1408,	1.8573,	1.7449,	1.6862,	0.0000],	
[5.0000,	2.1408,	1.8573,	1.7449,	1.6862,	0.0000],	
[5.0000,	2.1408,	1.8573,	1.7449,	1.6862,	0.0000],	
[5.0000,	2.1408,	1.8573,	1.7449,	1.6862,	0.0000],	
[5.0000,	2.1408,	1.8573,	1.7449,	1.6862,	0.0000],	
[5.0000,	2.1408,	1.8573,	1.7400,	1.6862,	0.0000],	
[5.0000,	2.1408,	1.8573,	1.7400,	1.6862,	0.0000],	
[5.0000,	2.1408,	1.8573,	1.7449,	1.6862,	0.0000],	
[5.0000,	2.1408,	1.8573,	1.7449,	1.6862,	0.0000],	
[5.0000,	2.1408,	1.8573,	1.7449,	1.6862,	0.0000],	
[5.0000,	2.1408,	1.8573,	1.7449,	1.6862,	0.0000],	
[5.0000,	2.1408,	1.8573,	1.7449,	1.6862,	0.0000],	
[5.0000,	2.1408,	1.8573,	1.7449,	1.6862,	0.0000],	
[5.0000,	2.1408,	1.8573,	1.7449,	1.6862,	0.0000],	
[5.0000,	2.1408,	1.8573,	1.7449,	1.6862,	0.0000],	
[5.0000,	2.1408,	1.8573,	1.7449,	1.6862,	0.0000],	
[5.0000,	2.1408,	1.8573,	1.7449,	1.6862,	0.0000],	
[5.0000,	2.1408,	1.8573,	1.7449,	1.6862,	0.0000],	
[5.0000,	2.1408,	1.8573,	1.7449,	1.6862,	0.0000],	
[5.0000,	2.1408,	1.8573,	1.7449,	1.6862,	0.0000],	
[5.0000,	2.1408,	1.8573,	1.7449,	1.6862,	0.0000],	
[5.0000,	2.1408,	1.8573,	1.7449,	1.6862,	0.0000],	
[5.0000,	2.1408,	1.8573,	1.7449,	1.6862,	0.0000],	
[5.0000,	2.1408,	1.8573,	1.7449,	1.6862,	0.0000],	
[5.0000,	2.1408,	1.8573,	1.7449,	1.6862,	0.0000],	
[5.0000,	2.1408,	1.8573,	1.7449,	1.6862,	0.0000],	
[4.9951,	2.1408,	1.8573,	1.7449,	1.6862,	0.0000],	
[5.0000,	2.1408,	1.8573,	1.7449,	1.6862,	0.0000],	
[5.0000,	2.1408,	1.8573,	1.7449,	1.6862,	0.0000],	
[5.0000,	2.1408,	1.8573,	1.7449,	1.6862,	0.0000],	
[5.0000,	2.1408,	1.8573,	1.7449,	1.6862,	0.0000],
[5.0000,	2.1408,	1.8573,	1.7449,	1.6862,	0.0000],	
[5.0000,	2.1408,	1.8573,	1.7449,	1.6862,	0.0000],	
[5.0000,	2.1408,	1.8573,	1.7449,	1.6862,	0.0000],	
[5.0000,	2.1408,	1.8573,	1.7449,	1.6862,	0.0000],	
[5.0000,	2.1408,	1.8573,	1.7449,	1.6862,	0.0000],	
[5.0000,	2.1408,	1.8573,	1.7449,	1.6862,	0.0000],	
[5.0000,	2.1408,	1.8573,	1.7449,	1.6862,	0.0000],	
[5.0000,	2.1408,	1.8573,	1.7449,	1.6862,	0.0000],	
[5.0000,	2.1408,	1.8573,	1.7449,	1.6862,	0.0000],	
[4.9951,	2.1408,	1.8573,	1.7449,	1.6862,	0.0000],	
[5.0000,	2.1408,	1.8573,	1.7449,	1.6862,	0.0000],	
[5.0000,	2.1408,	1.8573,	1.7449,	1.6862,	0.0000],	
[5.0000,	2.1408,	1.8573,	1.7449,	1.6862,	0.0000],	
[5.0000,	2.1408,	1.8573,	1.7449,	1.6862,	0.0000],	
[5.0000,	2.1408,	1.8573,	1.7449,	1.6862,	0.0000],	
[5.0000,	2.1408,	1.8573,	1.7449,	1.6862,	0.0000],	
[5.0000,	2.1408,	1.8573,	1.7449,	1.6862,	0.0000],	
[5.0000,	2.1408,	1.8573,	1.7449,	1.6862,	0.0000],	
[5.0000,	2.1408,	1.8573,	1.7449,	1.6862,	0.0000],	
[5.0000,	2.1408,	1.8573,	1.7449,	1.6862,	0.0000],	
[5.0000,	2.1408,	1.8573,	1.7449,	1.6862,	0.0000],	
[5.0000,	2.1408,	1.8573,	1.7449,	1.6862,	0.0000],	
[5.0000,	2.1408,	1.8573,	1.7449,	1.6862,	0.0000],	
[5.0000,	2.1408,	1.8573,	1.7449,	1.6862,	0.0000],	
[5.0000,	2.1408,	1.8573,	1.7449,	1.6862,	0.0000],	
[5.0000,	2.1408,	1.8573,	1.7449,	1.6862,	0.0000],	
[5.0000,	2.1408,	1.8573,	1.7449,	1.6862,	0.0000],	
[5.0000,	2.1408,	1.8573,	1.7449,	1.6862,	0.0000],	
[5.0000,	2.1408,	1.8573,	1.7449,	1.6862,	0.0000],	
[5.0000,	2.1408,	1.8573,	1.7449,	1.6862,	0.0000],	
[5.0000,	2.1408,	1.8573,	1.7449,	1.6862,	0.0000],	
[5.0000,	2.1408,	1.8573,	1.7449,	1.6862,	0.0000],	
[4.9951,	2.1408,	1.8573,	1.7449,	1.6862,	0.0000],	
[5.0000,	2.1408,	1.8573,	1.7449,	1.6862,	0.0000],	
[5.0000,	2.1408,	1.8573,	1.7449,	1.6862,	0.0000],	
[5.0000,	2.1408,	1.8573,	1.7449,	1.6862,	0.0000],	
[5.0000,	2.1408,	1.8573,	1.7449,	1.6862,	0.0000],	
[5.0000,	2.1408,	1.8573,	1.7449,	1.6862,	0.0000],	
[5.0000,	2.1408,	1.8573,	1.7449,	1.6862,	0.0000],	
[5.0000,	2.1408,	1.8573,	1.7449,	1.6862,	0.0000],
[5.0000,	2.1408,	1.8573,	1.7449,	1.6862,	0.0000],	
[5.0000,	2.1408,	1.8573,	1.7449,	1.6862,	0.0000],	
[4.9951,	2.1408,	1.8573,	1.7449,	1.6862,	0.0000],	
[5.0000,	2.1408,	1.8573,	1.7449,	1.6862,	0.0000],	
[5.0000,	2.1408,	1.8573,	1.7449,	1.6862,	0.0000],	
[5.0000,	2.1408,	1.8573,	1.7449,	1.6862,	0.0000],	
[5.0000,	2.1408,	1.8573,	1.7449,	1.6862,	0.0000],	
[5.0000,	2.1408,	1.8573,	1.7449,	1.6862,	0.0000],	
[5.0000,	2.1408,	1.8573,	1.7449,	1.6862,	0.0000],	
[5.0000,	2.1408,	1.8573,	1.7449,	1.6862,	0.0000],	
[5.0000,	2.1408,	1.8573,	1.7449,	1.6862,	0.0000],	
[5.0000,	2.1408,	1.8573,	1.7449,	1.6862,	0.0000],	
[5.0000,	2.1408,	1.8573,	1.7449,	1.6862,	0.0000],	
[5.0000,	2.1408,	1.8573,	1.7449,	1.6862,	0.0000],	
[5.0000,	2.1408,	1.8573,	1.7449,	1.6862,	0.0000],	
[5.0000,	2.1408,	1.8573,	1.7449,	1.6862,	0.0000],	
[5.0000,	2.1408,	1.8573,	1.7449,	1.6862,	0.0000],	
[5.0000,	2.1408,	1.8573,	1.7449,	1.6862,	0.0000],	
[5.0000,	2.1408,	1.8573,	1.7449,	1.6862,	0.0000],	
[5.0000,	2.1408,	1.8573,	1.7449,	1.6862,	0.0000],	
[5.0000,	2.1408,	1.8573,	1.7449,	1.6862,	0.0000],	
[5.0000,	2.1408,	1.8573,	1.7449,	1.6862,	0.0000],	
[5.0000,	2.1408,	1.8573,	1.7449,	1.6862,	0.0000],	
[5.0000,	2.1408,	1.8573,	1.7449,	1.6862,	0.0000],	
[5.0000,	2.1408,	1.8573,	1.7449,	1.6862,	0.0000],	
[5.0000,	2.1408,	1.8573,	1.7449,	1.6862,	0.0000],	
[5.0000,	2.1408,	1.8573,	1.7449,	1.6862,	0.0000],	
[5.0000,	2.1408,	1.8573,	1.7449,	1.6862,	0.0000],	
[5.0000,	2.1408,	1.8573,	1.7449,	1.6862,	0.0000],	
[5.0000,	2.1408,	1.8573,	1.7449,	1.6862,	0.0000],	
[5.0000,	2.1408,	1.8573,	1.7449,	1.6862,	0.0000],	
[5.0000,	2.1408,	1.8573,	1.7449,	1.6862,	0.0000],	
[5.0000,	2.1408,	1.8573,	1.7449,	1.6862,	0.0000],	
[5.0000,	2.1408,	1.8573,	1.7449,	1.6862,	0.0000],	
[5.0000,	2.1408,	1.8573,	1.7449,	1.6862,	0.0000],	
[5.0000,	2.1408,	1.8573,	1.7449,	1.6862,	0.0000],	
[5.0000,	2.1408,	1.8573,	1.7449,	1.6862,	0.0000]]